133011729480289443253655400637306755985293467839830671477145284624376575946749133564487065186690872664948711537014549505203516200673602730745853687661145146811311092112390054189756838049961914325240709990153846131814999354990605951847761980156979581511643051888848225357314250752471245137960741839096261393297
23000114548185870259125455814582481568163020555216456974348341128790133942579873787605624786138759194984870969266509712100261951039621545469521150962038117582055718333867151553397752908239792659976558820488888203528647578631582622982629743275730863501043797855052273231941224623922573797981038773548166890657
56890775876568890893420294348466394254526033646225037683860997710707630829527824353109817394851803076082049498360888545041943204636383540212028097868687772074559192971677446129866943026669488701446513504868159203083875740320432739385417235710677278677923877890593022550173000616190990750201437516779468236022
121084861193019973675609576749687490060206548637073531289638693320990248155304129232794279504871136641940403886453324544135073840032431206328523156137121414774198871667420670971433440312135826710514865578743920401256028636621037746440469870363753697067014052496259034481081097351222134476827133001985387895594
90232198478370768241361378368284582022623608159238237925658730407504388914315277518280989909646500995247201946160400184355957898737168395504547014826228478627838483680959928314451284062731449756642367928938535467540145075899917237109811189247307206661776982196909044536631418459361905630057903367197711039932
124197400660140957257700410760947935907901262540395818456961179054472332373441913518279544966941373898743091356027132378024357321885488567923417015489942227122767988801109738612220148471527870116740028920136021401680003410198015832716301851582987238136782493299840730830247728013326374012132178838335856288366
108473568575184218541523607771205660493320880640301716773100474586049660767172355563369659824699643191184171815598097294600432583654201093316458875500316040524289462845542717410091831710699101362553985730357495020527359433923011545710871716240275838156922795299819866046401396996153901219126615381238325144599
52368298038015902979075741414186083741526364907881583823777797517000717727215199550959589045287553835918106594504991288517945527291062465982897487012112624084834011537291572567450252117304346118592569411782110702252701512805162335044678099862683699291609489171698923613732764439598001946790578828413585302672
19485070590871837351474727551745416255252903044045220372596599887761004306642920600686934795585646322614176536545646256275883924473627045488841623731112336761303998709763229471265683548075564163464575713477436795646210524144374711465840638847635950804630310442810682872082971313274172136833133788098493705215
123206264616969504333352619417257475037909224041106383411032205153079842685640523434747745519578688162145620001869307776011470845802134145612414382744065197708944041134256483162073932078468954499976029756907036490691487066964076995041148858448823033366314814608646016409535356331865682018885616495807296264453
102887910117529676296344195362773010486434329642300778480003704388247486903440564721491698490096282695010878361647721989906757487361147291166395492322573268181637232500593169908783966128931440805229795302796782800644355602137952032584328371084305650205080835692559985990359971227246742131055397512555105471393
93477660410842110455098779265515846868958241820185042436908829798093745953230741351954536956679894866059706995996130606488004493731308235720349758414108022308667998629572223295143261500551285117168634171716112698501426579863521677126305974723182328248257690905968136495441712300539880126436308791058034949030
52641263848012304547635561280986913431906445026527773031678396832757098952732851426621208061528813531510824887579510500567835471862123936009468371216792871082756368284843956870953029030950455288354712225288776383922880306431902093599625283113409052346821078691198533494138345310165238113393241484862575275626
75844605957278613113474010583661506322236120316698544925662351440671735141001125430584016614336488366412765315819661060258162996723736737803475587623611154923686947990150204031217230530324611282747413763190661300476012208086718909080184664642240211731039201610215613930154942025834126694136513757941196195499
33265594276139843280134634596190223562576164453609620711170837093093226753371875169509445370857868657138869802462204056761760159920468773999581002823515252070443538868016423303762446601808319781348788002550418027311819728018698935002011591906583124048566105927705648964932538942536569680262756754902266250530
44630176259779995880368856649862000919443991845779997190431541170777877159299620722987171967029219275653895695687525185607114504308200890297649549786804100723751580447104299708503429031464533504513595666261585397999307086007382190648801392422397563775010551526392333839389106574113313400704871204835937493530
113998368193780716564517145305289027143069155772764847834935069679810646820757466491567661506306916598211785243092233370944297793400334393272578646060386543581837904254728897562717314952700994863069880823548140334911228845572807540491202432433253848608733059100167084234082807523149550752853723240448759920442
86168585273188136743460235779533818894878811820157188141041196164263927261991014164735580305584052341906204208496746975664307012495357898983099683461138624317985763637498729020779646979879279092995502071999151972939095242908725434004279165870704112542991923915384164635061026902011823025613507957611618279125
49804707965298305063469572369696365574535615181939484308013676191576578289111983502392448987550058997554347028637645136723395503034524877483786067147045018072995477383579487951061101693377882034354544177214564522321750631992946968505771838206103668653692000897481413970328321613759505239454086690924223001823
20417650057782408733697194055188514445634165971537895567622852114524018861127826106760941987789235890425981443559448620143646815438816529709746393037978512888745601517604254636182159374262070079890336787445973424570016350044925409607912238527785705606067802933846333550589942014478020207436991966494801922057
29780573468397346777930763226771212591286256512230116949167090822189348902645219533487359179016064581350454703196943787229495394416168980503254900343934593007058108702363169541270864622472292230424280006110966794336734205530253977410325180542231709196878456888030689156932954563246689590117470527368898937290
49719696242157448379572124421789592641596429600071283823727836626360058122029780544526346753906559515529011784215210739326215922188813719549915721070194481179849731482013371151143909182085937479487239646447374304696019774526637439945924091796019954348053771578235862984720057813693898550758887430047797650866
13755150340523282361637307107950422921269531914673759012947398665190158340167990414529630017773226757751966316164963912081729990887486043227898776452587976765699845085574377893758083300141070402445044817019609709789938061634150216183547350730598938334677690786861973477832993012177678155995182369039631503067
1
1
1
1
1
1
1
1
1
1
1
1
1
1
1
1
1
1
1
1
1
1
1
1
1
1
1
1
1
1
1
1
1
1
1
1
1
1
1
1
1
1
1
1
1
1
1
1
1
1
1
1
1
1
1
1
1
1
1
1
1
1
1
1
1
1
1
1
1
1
1
1
1
1
1
1
1
1
1
1
1
1
1
1
1
1
1
1
1
1
1
1
1
1
1
1
1
1
1
1
1
1
1
1
1
1
1
1
1
1
1
1
1
1
1
1
1
1
1
1
1
1
1
1
1
1
1
1
1
1
1
1
1
1
1
1
1
